8
01110111
11101101
11111011
01111110
11111101
10111100
11101011
11111011
10101101
11111111
11101100
11101111
11111101
11111111
11011111
11111111
01101100
11001111
11011111
11101101
01010111
11110010
11111111
11111111
11111100
11111011
10011111
11110110
10101010
01111111
11111110
11011111
01111011
11111111
11111111
11011111
01111111
11011110
11111111
11111101
11110111
11111111
11101111
00110111
00111111
11111100
01110011
11001011
11100101
11111111
11111111
11111101
11001111
11110011
11111111
00001110
10111100
10011110
01011111
11011111
11111110
11111101
01111111
01111000

7
0010010
0111101
0101001
0100000
1101100
0010000
0001101
1001000
1000010
1100000
0110010
1100011
0010110
1000101
1100100
1101010
0001000
0000001
1110000
0001000
0000110
0011100
0010011
0010110
0111001
1111000
1001000
0101101
0101000
1001000
0101000
1000010
0101011
0000000
1111110
0100000
1000001
1001000
1000000
1100110
0100001
0000001
0001001
0000111
0010010
0100000
0101001
0010100
0000010

2
00
00
00
00

9
011011110
011111111
011110111
111111111
111010111
111111111
111110111
111011111
111010111
111111110
111011110
111111000
011111111
111010111
101111101
111111101
111110111
011110111
111111110
100111011
111111111
111111111
110111011
111111111
111011110
111111101
111111111
111111111
011111110
111111111
100101111
110101111
011011001
110111111
110001111
111111111
101111011
011101001
111111111
111110111
111111111
111111110
111110101
111111011
111011011
111110101
101111111
011001101
111101101
111110111
101111111
110111101
111111111
111110111
111000111
111111110
011111111
111011111
110011111
110001100
111111111
111011111
111111111
100101111
011111111
111101100
111101111
111110010
111111011
011111111
111111011
011111101
011111111
111111111
110111110
111111110
111110111
101111111
111101111
110111011
101111110

5
01111
11101
10010
11011
11011
11111
10101
01110
11011
10111
01110
01010
01011
11111
01001
11110
01101
11111
00111
11111
01110
01111
01011
11111
11100

2
00
01
00
00

8
01010101
10001110
00011100
11111101
11011110
11001001
10010001
11111001
00000010
10111011
10101101
11100111
11001001
11100101
01111010
10001101
11010100
11110001
10110110
10100000
11001010
00010100
10101010
00001011
11110010
00110010
11100000
11111000
01010010
00111010
01101110
00001011
10110010
00010001
00110100
10010101
10010100
00100010
00111010
10110111
00010000
10110011
01101010
10010000
11100011
00011101
00101000
10000010
00111110
01100110
10000001
10011001
01100110
10101001
00100101
01001111
11001010
11111011
00010110
01001100
01100001
10011000
01110011
11101100

6
011000
000011
011001
111010
000000
000010
000000
010000
111000
010010
000000
100000
001010
010000
001101
010010
110000
000100
001110
011001
010000
010011
000101
000010
000000
000001
000001
000000
000001
110000
101000
001001
101000
010001
110010
100000

9
011110011
011111111
110111111
111110110
101111101
111011111
011111111
111111101
111111011
110101101
011111111
111111111
110111111
111111111
111111111
110111101
110111101
111001111
011011111
111011111
111110111
101111111
011111111
111011111
111111111
010011111
101111011
011111111
001111111
111111111
111111111
101111101
111111111
110110010
111111111
111111111
111111100
111011110
111111101
100111111
101110111
111111111
101111111
101110111
111111111
001111110
111111011
111111111
111111101
011111111
111011101
111111111
111011011
111111101
111011111
111101111
111111111
110011111
111111111
111111111
011110111
011111101
111111111
011101111
111101111
110111110
111111111
011111111
111011111
101110111
111101111
111011111
111111111
111111011
111110110
111111110
111111110
111110111
010101111
010111111
110111110

6
011000
000001
100010
001000
001101
100100
111011
011110
000110
000001
000000
000000
000101
001100
101100
101000
100000
101010
100000
100010
110101
100001
110110
110100
110000
000100
100111
001000
000110
010010
000110
011001
000001
100001
011010
100100

2
01
11
11
10

7
0100111
0111111
0110000
0001110
0011000
0000000
0111101
0110010
1000000
0110111
0000000
0100001
0011010
1011100
0010001
0111010
0010000
0110111
0000101
0101010
0111001
1010111
0101001
0011010
1000100
0110000
0100010
1101011
0011110
1111001
0101000
1100100
0100111
1011101
0000001
0100101
0000101
1001111
0011110
1000010
1010101
0010100
0110110
1011101
1001101
0110000
0100001
1010000
0000100

5
00000
00000
00000
00000
00100
00000
00000
00000
00000
00000
00000
00000
00000
00000
00000
00000
00000
00000
00000
00000
10000
00001
00000
00000
00000

9
000000000
000000100
010010000
001100000
000000100
000000000
000000000
000100010
000000000
000000010
100000000
000000000
000000000
000000000
000000000
000000010
000000000
001000100
110100000
000000000
001000000
000000000
010000000
100000000
000110000
010001010
000000000
000001000
010000000
000000000
100000000
000001000
100000000
001000000
000010000
000000010
010010100
000000001
000000000
000000000
000010000
000000000
100101000
100000000
000000000
000010001
000001000
000000000
000000010
000000000
100110100
000000011
000000000
000000000
010100000
000000100
000000010
000010000
000000000
000000000
000100000
000000000
010100000
000000001
000000000
010000000
000010000
000000000
010100000
000000100
010000000
010000000
000100000
000000010
001000000
100000000
001000000
001000100
000000000
001000000
000101000

7
0100110
1000110
0000110
0011001
0101110
0110100
0011111
1001000
0000000
0001011
1110000
1011000
0001111
0010010
1000100
0010001
1000000
0000000
0000011
0100000
1000000
1100100
0010001
0000000
0000010
1000001
1001000
0010000
0000000
1010000
0101001
0001001
1110000
0000001
0010100
0000100
0011100
0011000
1100100
0000000
1100010
0001111
1100000
0011111
0101001
0111000
0100000
1100000
0000100

5
01111
00111
11110
11111
11111
11111
11110
11101
11111
11111
11111
11110
01111
00111
11110
11111
00111
11101
01111
11111
11111
01101
10111
11111
10110

3
000
000
000
000
000
000
000
000
000

7
0000000
0101010
1010001
0100110
0000000
0100010
0010000
0110101
1000110
1101001
0001001
1000100
0000100
1011001
1000111
0100111
1110011
0110100
0000011
0010000
0010000
0001010
1101001
0111011
1100010
0001000
1100011
1010001
0001100
0000000
0111001
1000001
0010000
1001001
1100110
0101101
0011000
0000110
0011000
1100110
0100001
1111011
0001101
0001011
0000101
1111101
1001100
0000010
1001010

2
00
01
00
00

10
0111110111
1101100001
0010011001
1100000011
0110001101
0010000010
1000011100
1011110000
0011000010
0100010110
1010010100
1101011100
0011100010
0100001111
1110000110
0111011010
0001011000
0100011101
0011100101
1101100111
0010110110
1111010000
1110100110
0010000000
0001001111
0000110011
1111001110
1111011000
0100000110
0101000110
0111010001
0100010010
0111001011
1001000010
1101000000
1100000001
0010101111
1011110101
1000000101
0000110000
0101101111
1100101001
0000011100
0101001100
1000100111
1110101000
0011000011
0100011011
0011101111
0110000011
0011110000
1111010011
0000111011
1100000100
1110001111
1001110100
1101000110
0110111010
1110000111
1111100100
0010010000
1101010011
0110000011
1010011001
0000001110
0000000011
0101000011
0001100011
0111101000
0000101011
0000001011
1000101110
1000101110
0001000000
0010111101
0101100100
1110101011
0101110110
1011000100
1011100011
0011111000
0110100101
1101101100
1011101010
0110010101
0010000111
1010100011
0000111000
0111110000
0010000110
1010001001
0000100110
1110101010
0101011100
0111101011
0101010110
0111001001
0101100111
0111110100
1000001000

